4294967294,188
4294967294,185
266,4
266,5
4294967294,137
4294967294,12
4294967294,68
4294967294,11
4294967294,104
4294967294,106
4294967294,166
4294967294,160
4294967294,162
4294967294,1248
4294967278,389
4294967279,433
268,5
268,10
268,9
268,8
268,7
268,6
268,2
268,4
4294967278,445
4294967279,252
4294967278,312
4294967279,444
4294967278,345
4294967278,291
4294967278,325
4294967279,334
4294967278,434
4294967279,427
4294967279,435
4294967279,348
4294967279,228
350,5
350,4
350,3
350,2
350,1
4294967279,227
4294967279,225
4294967294,504
289,3
4294967294,503
283,3
281,3
4294967279,223
279,3
278,3
274,3
273,3
4294967294,501
269,3
4294967279,221
268,3
4294967294,1259
4294967278,213
349,9
349,8
349,7
349,6
349,5
4294967279,211
349,4
4294967278,209
349,3
349,2
349,1
4294967279,210
4294967294,1268
4294967279,345
4294967278,344
348,8
4294967279,347
348,7
4294967278,403
348,6
348,5
4294967279,203
348,4
4294967278,201
348,3
348,2
348,1
4294967294,472
4294967278,200
4294967278,410
4294967279,306
4294967279,393
4294967278,342
4294967279,196
347,7
4294967278,194
347,6
4294967279,195
347,5
347,4
347,3
347,2
347,1
4294967294,1265
346,10
346,9
346,8
4294967278,188
4294967278,187
346,7
346,6
346,5
346,4
346,3
346,2
346,1
4294967278,301
4294967279,414
4294967278,300
345,11
345,10
4294967279,344
345,9
345,8
345,7
345,6
345,5
345,4
345,3
345,2
345,1
4294967294,1274
4294967278,384
4294967279,400
344,6
344,5
4294967278,167
344,4
4294967279,168
344,3
344,2
344,1
4294967278,166
272,3
4294967279,165
4294967278,341
343,6
343,5
343,4
343,3
343,2
343,1
4294967279,398
342,10
342,9
342,8
4294967278,409
342,7
4294967279,418
342,6
342,5
342,4
4294967279,151
342,3
342,2
342,1
4294967279,150
4294967279,290
4294967278,277
4294967278,330
4294967279,409
4294967279,410
4294967294,1159
4294967294,182
4294967294,173
4294967278,274
341,8
341,7
341,6
4294967279,143
341,5
341,4
4294967279,142
341,3
341,2
341,1
4294967294,413
4294967294,399
4294967294,421
4294967294,179
4294967294,599
4294967294,415
4294967294,116
4294967294,108
4294967294,471
4294967279,339
4294967279,439
4294967278,364
340,8
340,7
4294967278,446
340,6
340,5
340,4
340,3
340,2
340,1
4294967278,133
4294967279,288
4294967294,133
4294967279,337
339,9
4294967278,386
339,8
339,7
339,6
339,5
339,4
339,3
339,2
339,1
4294967279,336
4294967278,273
4294967278,261
338,8
338,7
338,6
338,5
338,4
338,3
338,2
338,1
4294967294,138
4294967278,339
4294967279,321
4294967279,320
4294967294,1271
337,7
337,6
337,5
337,4
337,3
337,2
337,1
4294967279,254
4294967279,253
336,8
336,7
336,6
336,5
336,4
336,3
336,2
336,1
4294967278,244
4294967278,338
4294967278,240
4294967294,1264
4294967279,335
335,7
335,6
335,5
4294967279,236
335,4
4294967278,234
335,3
335,2
335,1
4294967279,234
4294967278,229
4294967278,228
4294967279,416
4294967278,226
334,5
334,4
334,3
334,2
334,1
4294967278,220
4294967279,300
4294967278,216
333,10
333,9
333,8
333,7
4294967279,216
4294967279,379
4294967279,214
333,6
333,5
333,4
333,3
333,2
333,1
4294967279,294
4294967279,208
4294967279,430
332,5
332,4
4294967279,205
332,3
332,2
332,1
4294967278,203
4294967279,204
4294967279,307
331,15
331,14
331,13
331,12
331,11
331,10
331,9
331,5
331,8
4294967278,340
331,7
331,6
4294967294,132
4294967278,199
4294967279,198
331,4
4294967278,196
331,3
331,2
331,1
4294967279,197
4294967279,420
4294967278,298
4294967278,418
4294967279,367
330,6
4294967279,192
330,5
4294967278,190
330,4
4294967279,191
330,3
330,2
330,1
4294967279,190
4294967279,368
4294967279,366
4294967279,411
4294967278,304
329,6
4294967278,296
329,5
329,4
329,3
329,2
329,1
4294967278,331
4294967279,425
4294967278,329
328,4
328,3
328,2
328,1
4294967278,388
4294967294,136
4294967294,135
4294967294,1168
4294967279,447
4294967278,173
4294967278,401
327,11
327,10
327,9
327,5
327,8
327,7
327,6
327,4
327,3
327,2
327,1
4294967294,469
4294967294,511
4294967278,163
4294967279,164
326,6
326,5
326,4
326,3
326,2
326,1
4294967279,289
4294967278,368
4294967279,159
4294967279,277
4294967278,328
325,11
325,10
325,9
325,8
325,7
325,6
4294967278,155
325,5
325,4
325,3
325,2
325,1
4294967278,327
4294967279,331
4294967278,150
4294967278,326
4294967279,149
4294967278,147
324,6
324,5
324,4
324,3
324,2
324,1
4294967278,289
4294967279,438
4294967278,142
4294967278,323
4294967279,141
4294967278,140
323,6
323,5
4294967278,139
323,4
323,3
323,2
323,1
4294967279,446
4294967278,137
4294967279,285
4294967279,394
4294967278,363
4294967278,275
4294967278,272
322,6
322,5
4294967278,271
322,4
4294967279,274
322,3
322,2
322,1
4294967279,325
4294967279,273
4294967278,443
4294967279,392
4294967278,283
4294967294,401
4294967294,1160
321,6
321,5
321,4
4294967278,281
321,3
321,2
321,1
4294967279,267
4294967294,1276
4294967278,264
4294967294,387
282,3
4294967294,502
4294967278,262
4294967278,278
4294967279,434
4294967278,391
4294967294,134
4294967278,259
320,8
4294967278,258
320,7
4294967279,284
320,6
4294967278,257
320,5
320,4
4294967278,348
320,3
320,2
320,1
4294967293,131
4294967293,130
4294967293,129
4294967293,128
4294967293,127
4294967293,126
4294967293,125
4294967293,124
4294967293,123
4294967293,122
4294967293,121
4294967293,120
4294967293,119
4294967293,118
4294967293,117
4294967293,116
4294967293,115
4294967293,114
4294967293,113
4294967293,112
4294967293,111
4294967293,110
4294967293,109
4294967293,108
4294967293,107
4294967293,106
4294967293,105
4294967293,104
4294967293,103
4294967293,102
4294967293,101
4294967293,100
4294967293,99
4294967293,98
4294967293,97
4294967293,96
4294967293,95
4294967293,94
4294967293,93
4294967293,92
4294967293,91
4294967293,90
4294967293,89
4294967293,87
4294967293,86
4294967293,85
4294967293,84
4294967293,83
4294967293,82
4294967293,81
4294967293,80
4294967293,79
4294967293,78
4294967293,77
4294967293,76
4294967293,75
4294967293,74
4294967293,73
4294967293,72
4294967293,71
4294967293,70
4294967293,69
4294967293,68
4294967293,67
4294967293,66
4294967293,65
4294967293,64
4294967293,63
4294967293,62
4294967293,61
4294967293,60
4294967293,59
4294967293,58
4294967293,57
4294967293,56
4294967293,55
4294967293,54
4294967293,53
4294967293,52
4294967293,51
4294967293,50
4294967293,49
4294967293,48
4294967293,47
4294967293,46
4294967293,45
4294967293,44
4294967293,43
4294967293,42
4294967293,41
4294967293,40
4294967293,39
4294967293,38
4294967293,37
4294967293,36
4294967293,35
4294967293,34
4294967293,33
4294967293,32
4294967293,31
4294967293,30
4294967293,29
4294967293,28
4294967293,27
4294967293,26
4294967293,25
4294967293,24
4294967293,23
4294967293,22
4294967293,21
4294967293,20
4294967293,19
4294967293,18
4294967293,17
4294967293,16
4294967293,15
4294967293,14
4294967293,13
4294967293,12
4294967293,11
4294967293,10
4294967293,9
4294967293,8
4294967293,7
4294967293,6
4294967293,5
4294967293,4
4294967293,3
4294967278,132
4294967278,129
4294967278,128
4294967278,255
4294967278,126
4294967278,122
4294967278,121
4294967278,120
4294967278,416
4294967278,119
4294967278,116
4294967278,115
4294967278,114
4294967278,424
4294967278,109
4294967278,107
4294967278,106
4294967278,102
4294967278,100
4294967278,99
4294967278,94
4294967278,93
4294967278,87
4294967278,85
4294967278,80
4294967278,79
4294967278,74
4294967278,73
4294967278,72
4294967278,412
4294967278,64
4294967278,63
4294967278,62
4294967278,59
4294967278,58
4294967278,57
4294967278,56
4294967278,435
4294967278,52
4294967278,50
4294967278,49
4294967278,48
4294967278,47
4294967278,43
4294967278,42
4294967278,41
4294967278,40
4294967278,35
4294967278,34
4294967278,33
4294967278,32
4294967278,27
4294967278,26
4294967278,25
4294967278,24
4294967278,23
4294967278,22
4294967278,392
4294967278,18
4294967278,17
4294967278,16
4294967278,15
4294967278,14
4294967278,13
4294967278,279
4294967278,10
4294967278,9
4294967278,8
4294967278,7
4294967278,428
4294967278,6
4294967278,436
4294967278,5
4294967278,174
4294967278,406
4294967278,4
4294967279,130
4294967279,129
4294967279,128
4294967279,387
4294967279,127
4294967279,315
4294967279,126
4294967279,123
4294967279,122
4294967279,121
4294967279,443
4294967279,120
4294967279,116
4294967279,115
4294967279,239
4294967279,114
4294967279,108
4294967279,107
4294967279,102
4294967279,100
4294967279,99
4294967279,96
4294967279,94
4294967279,93
4294967279,89
4294967279,86
4294967279,85
4294967279,82
4294967279,80
4294967279,79
4294967279,75
4294967279,74
4294967279,73
4294967279,72
4294967279,292
4294967279,66
4294967279,65
4294967279,63
4294967279,291
4294967279,59
4294967279,58
4294967279,57
4294967279,52
4294967279,50
4294967279,48
4294967279,47
4294967279,286
4294967279,44
4294967279,43
4294967279,42
4294967279,41
4294967279,40
4294967279,36
4294967279,35
4294967279,34
4294967279,33
4294967279,32
4294967279,28
4294967279,27
4294967279,26
4294967279,25
4294967279,24
4294967279,23
4294967279,18
4294967279,17
4294967279,16
4294967279,15
4294967279,14
4294967279,10
4294967279,9
4294967279,8
4294967294,1262
4294967294,500
4294967278,385
4294967279,258
4294967279,132
4294967279,391
4294967278,313
4294967294,1250
4294967278,311
4294967278,130
4294967278,131
4294967278,397
4294967279,131
4294967279,257
4294967278,347
4294967279,319
319,7
4294967279,317
319,6
319,5
4294967279,350
319,4
4294967278,315
319,3
319,2
319,1
4294967278,310
4294967278,125
4294967279,255
4294967294,395
4294967294,409
4294967294,186
4294967294,1072
4294967294,129
4294967294,187
4294967294,385
4294967294,1244
4294967294,407
4294967294,384
4294967294,168
4294967294,1083
4294967294,425
4294967294,183
